>>>>>>>>>> BUBBLE SORT STARTS <<<<<<<<<<
>> 50000 numbers:
10.703658, 10.645265, 10.683796, 10.681255, 10.672771, 10.660044, 10.667650, 10.672359, 10.640214, 10.671845, 10.688047, 10.631487, 10.662725, 10.680809, 10.680085, 10.673217, 10.640110, 10.672430, 10.630316, 10.675687, 10.633632, 10.651963, 10.669086, 10.609264, 10.624793, 
>> 100000 numbers:
42.971071, 43.036076, 43.366711, 43.331556, 43.244116, 43.338937, 43.304798, 43.248920, 43.250052, 43.284378, 43.371807, 43.285892, 43.246298, 43.229659, 43.200684, 43.286043, 43.293463, 43.401763, 43.319643, 43.328246, 43.282954, 43.248512, 43.266139, 43.283341, 43.275726, 
>> 150000 numbers:
97.645279, 96.971435, 97.199073, 97.314388, 97.466159, 97.247402, 97.455589, 97.452356, 97.631268, 97.431999, 97.332667, 97.451245, 97.315017, 97.268923, 97.412590, 97.531561, 97.202324, 97.298489, 97.408863, 97.336331, 97.310217, 97.442433, 97.178538, 97.474879, 97.467310,
>> 200000 numbers:
172.594701, 173.376832, 173.146706, 173.392800, 173.336044, 173.313141, 173.314165, 173.263654, 173.425119, 173.102536, 173.100359, 173.468323, 173.603396, 172.440947, 173.241982, 172.864471, 173.419188, 173.145211, 173.308374, 173.402692, 173.336115, 173.446960, 173.174475, 173.262762, 173.322625, 
>> 250000 numbers:
270.776660, 270.546880, 270.648182, 270.755715, 270.454019, 270.798152, 270.360523, 270.713173, 270.611530, 270.941198, 270.808365, 270.940202, 270.553013, 270.908841, 270.455684, 270.933344, 270.845978, 270.748840, 270.677660, 271.020909, 270.627760, 271.145532, 270.950830, 270.414742, 270.520425, 
>> 300000 numbers:
389.937600, 389.997138, 389.687579, 390.355695, 390.163875, 390.027575, 390.266334, 390.052402, 389.958057, 389.701398, 390.249643, 390.552833, 391.076845, 389.822851, 389.890735, 389.644283, 389.772689, 389.689140, 390.115728, 389.993862, 390.105645, 390.212392, 389.849858, 389.958382, 389.902737, 
>>>>>>>>>> BUBBLE SORT ENDS <<<<<<<<<<
>>>>>>>>>> INSERTION SORT STARTS <<<<<<<<<<
>> 50000 numbers:
1.624688, 1.624751, 1.616410, 1.604901, 1.603601, 1.609675, 1.598381, 1.606975, 1.595609, 1.607496, 1.612356, 1.596607, 1.614550, 1.614582, 1.601490, 1.598171, 1.613186, 1.632891, 1.627957, 1.626017, 1.630045, 1.613904, 1.612080, 1.599839, 1.623945, 
>> 100000 numbers:
6.416114, 6.397353, 6.419847, 6.411758, 6.416570, 6.414917, 6.415787, 6.430779, 6.418530, 6.408961, 6.399844, 6.408496, 6.387524, 6.384011, 6.438606, 6.413670, 6.409755, 6.409050, 6.406666, 6.414101, 6.388581, 6.409748, 6.404240, 6.406090, 6.421006, 
>> 150000 numbers:
14.454110, 14.390018, 14.451877, 14.395310, 14.432378, 14.408550, 14.441953, 14.461392, 14.390811, 14.378959, 14.431683, 14.379497, 14.410792, 14.413880, 14.435452, 14.387723, 14.393634, 14.431739, 14.386736, 14.390829, 14.404217, 14.428628, 14.461502, 14.378559, 14.431295,
>> 200000 numbers:
25.668683, 25.634028, 25.638483, 25.659461, 25.611890, 25.546128, 25.624905, 25.628036, 25.572277, 25.612247, 25.692820, 25.606336, 25.596043, 25.670569, 25.519257, 25.618152, 25.611454, 25.597099, 25.588260, 25.599722, 25.572562, 25.578039, 25.615621, 25.607873, 25.702839, 
>> 250000 numbers:
40.003737, 39.976368, 40.059066, 40.021023, 40.087129, 40.064936, 39.934260, 40.078350, 40.070791, 40.058359, 40.024671, 40.172459, 40.320582, 40.457014, 40.278052, 40.513023, 39.984684, 40.082086, 40.011352, 40.418069, 40.019950, 40.032195, 40.106455, 40.661023, 40.061553, 
>> 300000 numbers:
57.652987, 57.702261, 57.679415, 57.498354, 57.716768, 57.521683, 57.756628, 57.761381, 57.656565, 57.645953, 57.654547, 57.674189, 57.669235, 57.770672, 57.685189, 57.680342, 57.669973, 57.810920, 57.763114, 57.508637, 57.610175, 57.640647, 57.658764, 57.691617, 57.663979, 
>>>>>>>>>> INSERTION SORT ENDS <<<<<<<<<<
>>>>>>>>>> SELECTION SORT STARTS <<<<<<<<<<
>> 50000 numbers:
2.524525, 2.532880, 2.532380, 2.526337, 2.528623, 2.551304, 2.530945, 2.528436, 2.536497, 2.528247, 2.530482, 2.522394, 2.527887, 2.536030, 2.528550, 2.522537, 2.532438, 2.532342, 2.534635, 2.526453, 2.527813, 2.530869, 2.522216, 2.524315, 2.538047, 
>> 100000 numbers:
10.072185, 10.091023, 10.109364, 10.055203, 10.105436, 10.092550, 10.107992, 10.105568, 10.092401, 10.094175, 10.069789, 10.083898, 10.076528, 10.093243, 10.106422, 10.090144, 10.078682, 10.096988, 10.099458, 10.080234, 10.084825, 10.050963, 10.092825, 10.095464, 10.099573, 
>> 150000 numbers:
22.676363, 22.649808, 22.688992, 22.671991, 22.700311, 22.691603, 22.634559, 22.616514, 22.631698, 22.657511, 22.696888, 22.688412, 22.682246, 22.686427, 22.683648, 22.686800, 22.688065, 22.690710, 22.660776, 22.664287, 22.686382, 22.628597, 22.621860, 22.677551, 22.663450,
>> 200000 numbers:
40.273117, 40.197811, 40.276696, 40.276927, 40.167838, 40.198030, 40.233668, 40.310636, 40.292329, 40.314417, 40.150959, 40.213536, 40.253668, 40.215425, 40.300445, 40.303908, 40.293434, 40.314489, 40.291953, 40.246909, 40.309134, 40.192552, 40.289646, 40.287690, 40.266554, 
>> 250000 numbers:
62.921839, 62.959031, 62.942206, 62.912638, 62.870892, 62.901938, 62.917824, 62.885537, 62.946004, 62.984244, 62.950861, 62.918722, 62.945788, 62.974720, 63.023274, 62.962732, 63.032906, 62.955369, 62.889686, 62.886449, 62.975505, 63.028783, 62.727501, 62.837767, 62.901269, 
>> 300000 numbers:
90.612499, 90.611538, 90.949972, 90.551345, 91.058673, 90.857189, 90.342131, 90.607885, 90.392008, 91.233652, 90.729364, 90.667201, 90.677112, 90.617824, 90.610377, 90.612020, 90.620547, 90.616226, 90.662221, 90.612185, 90.644002, 90.577657, 90.579010, 90.661111, 90.625309, 
>>>>>>>>>> SELECTION SORT ENDS <<<<<<<<<<
>>>>>>>>>> QUICK SORT STARTS <<<<<<<<<<
>> 50000 numbers:
0.013383, 0.011342, 0.012929, 0.031145, 0.012507, 0.012423, 0.011329, 0.013055, 0.016283, 0.012851, 0.012710, 0.012434, 0.031385, 0.011787, 0.011928, 0.013105, 0.011617, 0.011247, 0.011607, 0.013418, 0.013186, 0.011871, 0.009426, 0.013242, 0.013784, 
>> 100000 numbers:
0.041083, 0.046965, 0.022068, 0.025487, 0.024534, 0.049404, 0.041668, 0.020427, 0.023869, 0.024954, 0.024072, 0.023267, 0.023891, 0.019863, 0.024070, 0.024513, 0.047361, 0.023068, 0.023802, 0.023877, 0.022985, 0.045290, 0.023640, 0.023471, 0.020866, 
>> 150000 numbers:
0.035778, 0.036045, 0.034400, 0.033152, 0.035147, 0.033426, 0.052813, 0.033868, 0.035112, 0.034085, 0.057864, 0.051713, 0.034277, 0.035634, 0.034293, 0.034345, 0.050071, 0.033427, 0.034451, 0.035230, 0.034649, 0.052647, 0.032478, 0.035986, 0.035020,
>> 200000 numbers:
0.044487, 0.044936, 0.067426, 0.042247, 0.047531, 0.044537, 0.040499, 0.043448, 0.041403, 0.046249, 0.044580, 0.041692, 0.068165, 0.042682, 0.041427, 0.044267, 0.040358, 0.042077, 0.042273, 0.050282, 0.045492, 0.039761, 0.043104, 0.042864, 0.042822, 
>> 250000 numbers:
0.061139, 0.049657, 0.056131, 0.054629, 0.070222, 0.076109, 0.054787, 0.055379, 0.054654, 0.057234, 0.077974, 0.070413, 0.054963, 0.054684, 0.050467, 0.053509, 0.075612, 0.063949, 0.055131, 0.051730, 0.054553, 0.055689, 0.054527, 0.054773, 0.054660, 
>> 300000 numbers:
0.065127, 0.064938, 0.089512, 0.080909, 0.062380, 0.063737, 0.065594, 0.062502, 0.065469, 0.086340, 0.073819, 0.062480, 0.065078, 0.066112, 0.064560, 0.079299, 0.059170, 0.065464, 0.064722, 0.062656, 0.063724, 0.062055, 0.077487, 0.064951, 0.061978, 
>>>>>>>>>> QUICK SORT ENDS <<<<<<<<<<
>>>>>>>>>> HEAP SORT STARTS <<<<<<<<<<
>> 50000 numbers:
0.015369, 0.015383, 0.016453, 0.015279, 0.015931, 0.015736, 0.014989, 0.015187, 0.015403, 0.016044, 0.036994, 0.016488, 0.015733, 0.015639, 0.035282, 0.034047, 0.014780, 0.015958, 0.016291, 0.036833, 0.015270, 0.016405, 0.015817, 0.016525, 0.016212, 
>> 100000 numbers:
0.026874, 0.030160, 0.031143, 0.053421, 0.030375, 0.032261, 0.030147, 0.032018, 0.027804, 0.047559, 0.025076, 0.029871, 0.030460, 0.029080, 0.047731, 0.031612, 0.031768, 0.030489, 0.030399, 0.030564, 0.024441, 0.030301, 0.030085, 0.029590, 0.050008, 
>> 150000 numbers:
0.057474, 0.042956, 0.044026, 0.044721, 0.060174, 0.056937, 0.042885, 0.044863, 0.043651, 0.061609, 0.066897, 0.041504, 0.044124, 0.045645, 0.057411, 0.066937, 0.064900, 0.044994, 0.056434, 0.043827, 0.043747, 0.043285, 0.041724, 0.058251, 0.041193,
>> 200000 numbers:
0.054888, 0.077654, 0.052875, 0.056140, 0.057553, 0.059201, 0.055150, 0.054952, 0.057197, 0.056211, 0.054016, 0.056151, 0.072661, 0.052284, 0.057899, 0.054204, 0.056847, 0.056655, 0.080211, 0.052183, 0.055187, 0.057405, 0.056991, 0.058795, 0.055077, 
>> 250000 numbers:
0.065360, 0.071737, 0.069449, 0.065511, 0.069094, 0.069163, 0.085857, 0.066372, 0.076037, 0.069518, 0.070994, 0.068830, 0.086190, 0.083343, 0.071751, 0.067746, 0.069127, 0.087332, 0.070869, 0.071208, 0.068124, 0.070243, 0.069717, 0.092040, 0.091979, 
>> 300000 numbers:
0.080754, 0.090897, 0.080238, 0.083508, 0.085163, 0.085314, 0.099786, 0.081539, 0.088761, 0.087151, 0.080943, 0.081856, 0.104497, 0.085793, 0.079422, 0.086373, 0.083243, 0.083100, 0.083350, 0.106145, 0.100546, 0.099786, 0.091039, 0.083897, 0.088301, 
>>>>>>>>>> HEAP SORT ENDS <<<<<<<<<<
